AndréEleitor
160300003
1990
AndréEleitorDois
160300003
1990
AndréEleitor
160300003
1990
Ultimo
160300003
1990
Cleiton
123
1996
1
11
111
2
22
333
2
22
333
2
22
333
2
22
333
2
22
333
2
22
333
2
22
333
2
22
333
2
22
333
2
22
333
2
22
333
2
22
333
2
22
333
2
22
333
2
22
333
2
22
333
2
22
333
2
22
333
2
22
333
2
22
333
2
22
333
2
22
333
999999
9999
99999
999999
9999
99999
999999
9999
99999
999999
9999
99999
999999
9999
99999
999999
9999
99999
999999
9999
99999
999999
9999
99999
999999
9999
99999
999999
9999
99999
999999
9999
99999
999999
9999
99999
78
78
78
78
78
78
78
78
78
121212
121212
121212
121212
121212
121212
Jordan
123
123123
Matheus
111
222
teste
34
43
